$SPEC_ID:
No sample description was entered.
$SPEC_REM:
DET# 7089150
DETDESC# PRAKTIKUM 926
AP# Maestro Version 7.01
$DATE_MEA:
01/08/2002 01:51:20
$MEAS_TIM:
3009 3034
$DATA:
0 8191
       0
       0
       0
       0
       0
       0
       0
       0
       0
       0
       0
       0
       0
       0
       0
       0
       0
       0
       0
       0
       0
       0
       0
       0
       0
       0
       0
       0
       0
       0
       0
       0
       0
       0
       0
       0
       0
       0
       0
       0
       0
       0
       0
       0
       0
       0
       0
       0
       0
       0
       0
       1
       3
      16
      75
     224
     460
     619
     781
     844
     823
     857
     814
     877
     863
     885
     794
     833
     797
     770
     831
     822
     794
     769
     758
     727
     750
     755
     723
     717
     747
     718
     702
     704
     698
     706
     679
     662
     699
     699
     698
     655
     692
     693
     669
     666
     682
     624
     596
     629
     590
     617
     635
     596
     612
     620
     590
     627
     606
     547
     553
     568
     561
     543
     545
     545
     568
     539
     542
     552
     543
     533
     541
     492
     558
     566
     559
     483
     497
     526
     543
     504
     549
     540
     535
     508
     495
     507
     512
     529
     467
     514
     502
     519
     517
     472
     437
     449
     515
     435
     463
     457
     449
     483
     440
     464
     468
     445
     472
     479
     490
     448
     434
     468
     457
     452
     435
     466
     465
     474
     450
     437
     446
     413
     436
     431
     428
     421
     419
     456
     445
     435
     409
     493
     418
     436
     392
     455
     457
     412
     458
     423
     405
     441
     411
     414
     428
     388
     408
     421
     389
     397
     403
     443
     411
     429
     405
     423
     389
     401
     415
     405
     386
     431
     419
     423
     414
     430
     404
     427
     395
     441
     393
     363
     410
     393
     411
     423
     439
     432
     427
     460
     458
     457
     423
     416
     440
     400
     424
     366
     418
     407
     403
     401
     419
     425
     404
     389
     405
     426
     409
     371
     433
     380
     387
     386
     422
     383
     408
     442
     371
     430
     421
     478
     434
     447
     469
     382
     463
     364
     364
     384
     432
     382
     428
     389
     372
     420
     382
     402
     443
     395
     403
     404
     439
     394
     436
     425
     451
     429
     429
     407
     455
     447
     416
     397
     448
     449
     432
     439
     430
     485
     506
     427
     465
     490
     453
     531
     600
     689
     828
     866
     921
     931
     804
     663
     588
     538
     514
     528
     517
     472
     490
     490
     496
     536
     513
     506
     495
     507
     525
     539
     596
     536
     591
     598
     516
     537
     499
     529
     526
     514
     545
     500
     553
     535
     557
     540
     573
     537
     538
     542
     529
     534
     557
     571
     517
     611
     618
     579
     571
     684
     775
     848
    1092
    1422
    1603
    1876
    1819
    1737
    1396
    1147
    1001
     989
    1116
    1545
    2073
    2592
    2975
    2925
    2601
    2100
    1632
    1059
     844
     713
     717
     699
     726
     706
     689
     640
     699
     633
     631
     665
     686
     725
     649
     674
     670
     606
     581
     536
     481
     516
     567
     669
     713
     793
     867
     933
     895
     860
     782
     645
     582
     548
     530
     506
     545
     551
     617
     768
     945
    1139
    1321
    1455
    1361
    1292
    1003
     860
     717
     632
     602
     579
     671
     729
     788
     897
     928
     857
     804
     677
     719
     618
     552
     618
     773
     899
    1246
    1578
    1839
    1963
    1880
    1670
    1381
    1085
     914
     778
     732
     732
     786
     792
     818
     769
     711
     563
     554
     457
     470
     411
     458
     423
     472
     464
     479
     593
     667
     695
     788
     839
     793
     788
     689
     558
     484
     452
     415
     411
     433
     412
     391
     398
     421
     384
     373
     394
     394
     441
     386
     406
     421
     386
     432
     440
     402
     397
     376
     426
     435
     437
     396
     421
     437
     380
     409
     428
     420
     428
     394
     439
     443
     441
     383
     412
     407
     438
     420
     419
     439
     489
     438
     474
     440
     485
     447
     487
     485
     467
     532
     577
     548
     523
     500
     507
     498
     500
     502
     484
     537
     495
     492
     526
     500
     478
     460
     497
     431
     489
     460
     464
     403
     448
     419
     417
     423
     403
     431
     429
     370
     407
     416
     420
     421
     420
     449
     415
     433
     387
     409
     388
     387
     396
     444
     426
     416
     409
     400
     399
     409
     406
     411
     429
     438
     421
     455
     429
     432
     437
     400
     411
     466
     400
     413
     429
     374
     413
     420
     417
     425
     426
     397
     422
     404
     401
     386
     395
     411
     400
     445
     371
     378
     385
     430
     431
     421
     413
     412
     432
     436
     381
     413
     443
     442
     412
     401
     382
     424
     423
     410
     391
     407
     393
     415
     435
     405
     380
     399
     445
     399
     392
     425
     407
     392
     402
     398
     420
     397
     437
     481
     425
     440
     405
     415
     436
     381
     392
     455
     433
     435
     440
     417
     443
     418
     437
     419
     408
     470
     439
     429
     484
     420
     470
     433
     451
     424
     429
     434
     423
     397
     442
     472
     423
     483
     506
     513
     554
     560
     636
     743
     728
     636
     587
     520
     526
     443
     463
     448
     468
     427
     431
     463
     461
     437
     404
     484
     449
     459
     430
     460
     425
     461
     476
     473
     479
     483
     431
     456
     458
     468
     463
     471
     420
     462
     456
     414
     470
     435
     430
     497
     464
     424
     457
     471
     446
     473
     492
     522
     534
     522
     526
     508
     485
     460
     482
     458
     454
     431
     432
     477
     458
     445
     444
     424
     443
     439
     406
     438
     427
     424
     421
     489
     402
     426
     406
     416
     455
     418
     407
     420
     411
     407
     412
     414
     422
     420
     426
     407
     409
     423
     429
     464
     469
     472
     484
     511
     462
     406
     425
     368
     373
     387
     382
     383
     390
     351
     376
     362
     328
     391
     359
     389
     402
     402
     365
     382
     362
     367
     369
     389
     389
     366
     380
     394
     385
     402
     359
     364
     374
     340
     388
     362
     362
     338
     385
     391
     367
     360
     368
     346
     359
     371
     346
     384
     383
     345
     369
     372
     370
     337
     339
     331
     372
     341
     336
     350
     376
     337
     376
     359
     347
     365
     345
     372
     343
     361
     384
     356
     380
     361
     340
     334
     337
     351
     380
     357
     369
     355
     374
     372
     354
     347
     388
     386
     378
     368
     348
     357
     396
     397
     342
     379
     362
     358
     423
     460
     588
     709
    1008
    1253
    1738
    1968
    2152
    2149
    1943
    1623
    1262
     906
     692
     541
     444
     412
     376
     344
     340
     358
     320
     342
     326
     320
     338
     321
     343
     314
     316
     327
     318
     300
     337
     345
     320
     347
     360
     325
     322
     317
     333
     341
     344
     330
     322
     318
     307
     334
     322
     355
     319
     336
     348
     365
     318
     317
     347
     323
     337
     331
     341
     291
     317
     314
     315
     325
     332
     355
     293
     318
     289
     317
     303
     316
     303
     318
     309
     322
     329
     328
     301
     319
     344
     317
     316
     328
     298
     311
     316
     288
     287
     264
     325
     283
     292
     319
     313
     320
     314
     337
     370
     331
     343
     289
     286
     313
     251
     299
     263
     256
     294
     255
     276
     262
     254
     276
     270
     276
     252
     277
     244
     302
     261
     242
     291
     255
     273
     275
     278
     261
     269
     252
     257
     240
     267
     249
     238
     223
     263
     258
     251
     233
     251
     251
     212
     232
     232
     230
     214
     250
     239
     260
     258
     222
     231
     224
     230
     243
     246
     246
     253
     246
     268
     232
     239
     249
     256
     217
     238
     240
     256
     228
     237
     237
     246
     201
     229
     221
     205
     227
     249
     232
     230
     217
     229
     238
     227
     231
     235
     250
     225
     211
     225
     216
     215
     241
     210
     233
     229
     222
     217
     251
     229
     218
     205
     208
     227
     248
     223
     221
     205
     243
     212
     245
     232
     242
     213
     227
     202
     198
     229
     227
     240
     232
     240
     234
     219
     223
     191
     218
     227
     195
     197
     247
     194
     211
     221
     209
     206
     218
     213
     199
     246
     288
     282
     319
     355
     363
     340
     323
     303
     259
     244
     228
     220
     222
     178
     196
     204
     227
     197
     198
     220
     187
     213
     205
     232
     221
     223
     292
     410
     584
     809
    1142
    1403
    1777
    1903
    1815
    1594
    1239
     940
     656
     496
     290
     241
     233
     202
     185
     186
     174
     197
     197
     189
     182
     214
     186
     186
     149
     195
     182
     194
     190
     189
     200
     190
     197
     164
     171
     183
     171
     189
     182
     170
     180
     174
     193
     204
     147
     189
     166
     195
     203
     178
     177
     153
     173
     176
     177
     159
     195
     173
     170
     172
     187
     182
     180
     168
     185
     204
     182
     195
     209
     210
     226
     243
     252
     264
     214
     210
     211
     211
     219
     200
     201
     213
     234
     270
     273
     300
     257
     223
     237
     194
     190
     183
     171
     189
     162
     165
     174
     168
     171
     152
     154
     156
     168
     163
     170
     151
     145
     148
     159
     158
     167
     176
     155
     143
     152
     160
     161
     148
     137
     146
     134
     150
     145
     160
     138
     159
     168
     147
     143
     152
     198
     182
     225
     230
     279
     279
     301
     276
     267
     257
     241
     225
     225
     247
     257
     258
     245
     218
     208
     213
     201
     166
     151
     162
     157
     180
     156
     197
     199
     206
     211
     208
     208
     205
     197
     191
     159
     155
     138
     140
     159
     166
     174
     170
     134
     149
     148
     144
     158
     139
     153
     143
     154
     149
     146
     140
     147
     161
     170
     150
     160
     146
     171
     140
     169
     149
     153
     155
     133
     144
     131
     152
     183
     162
     129
     167
     143
     167
     166
     154
     155
     144
     151
     143
     156
     141
     157
     158
     140
     170
     151
     128
     137
     155
     131
     138
     130
     149
     137
     155
     144
     134
     158
     176
     141
     136
     146
     142
     142
     143
     144
     178
     134
     148
     120
     141
     160
     138
     138
     155
     201
     243
     305
     500
     789
    1254
    1821
    2472
    3035
    3237
    3386
    2996
    2587
    1869
    1362
     900
     539
     339
     262
     199
     152
     143
     169
     149
     155
     131
     147
     150
     134
     142
     163
     173
     158
     165
     192
     148
     151
     133
     145
     123
     126
     131
     164
     132
     151
     142
     138
     145
     153
     127
     132
     133
     142
     135
     130
     121
     137
     136
     108
     118
     150
     121
     125
     126
     100
     125
     125
     112
     114
     108
     142
     116
     116
     122
     103
     132
     105
     139
     105
     116
     143
     108
     118
     122
     127
     120
     108
     113
     113
     127
      97
     117
     136
     112
     120
     128
     111
     110
     138
     133
     125
     130
     117
     145
     129
     125
     123
     116
     116
     125
     149
     122
     126
     113
     143
     108
     125
     121
     136
     113
     143
     125
     108
     125
     115
     104
     122
     129
     118
     113
     123
     111
     135
     103
     107
     127
     116
     113
     128
     101
      99
     107
     122
     136
     138
     149
     150
     158
     139
     144
     148
     134
     126
     130
     119
     113
     118
     110
     104
     135
     105
     123
     109
     113
     125
      97
     133
     103
     129
     127
     116
     116
     126
     109
     136
     144
     158
     141
     125
     130
     111
     132
     128
     117
     115
     126
     126
     123
     119
     100
     121
     115
     156
     138
     117
     132
     106
     126
     133
     120
     129
     120
     103
     113
     113
     113
     104
     101
     119
     118
     111
     124
     127
     124
     124
     125
     112
     138
     127
     125
     132
     129
     105
     132
      97
     140
     121
      99
     104
     107
     117
     138
     137
     112
     101
     118
      95
     118
     119
     123
     124
     131
     115
     110
     115
     110
      92
      99
     113
     107
     130
     107
     113
     113
     108
     116
     129
      92
     117
     108
     123
     111
     119
     124
     138
     117
     131
     131
     152
     158
     147
     148
     201
     223
     319
     510
     814
    1344
    1954
    2752
    3680
    4504
    5021
    5056
    4807
    4176
    3176
    2207
    1492
     942
     550
     346
     199
     188
     144
     124
     142
     121
     103
      95
      88
     105
     112
      97
      97
     108
      87
      85
      97
     104
     101
      78
     111
      99
      87
     103
      90
      80
     100
      94
      84
      97
     105
      88
     100
      98
     116
      92
      91
     105
     107
      95
      93
      89
      89
      90
     106
      97
      99
     111
      93
      87
     103
      90
     101
      95
      87
     108
      85
      81
     100
      97
     103
      93
     113
      81
     111
     122
     101
      98
     100
      83
     110
      85
      95
      83
     108
     101
      82
     111
      88
      97
     104
     100
      83
      91
      99
      96
      96
     105
      94
      79
      92
      86
     100
     108
      93
      91
      97
      86
      88
     102
      92
     103
      84
      87
      98
      99
      98
      91
      88
      93
      98
     102
     103
      86
      99
      87
      96
     101
     101
      92
      87
      83
      98
      97
      86
      93
      81
      90
      97
      97
      98
      79
      89
     108
      75
     111
      78
      91
      91
      88
     105
     102
      85
      92
     102
      97
     104
     104
      82
      89
     104
     112
      97
     100
     106
     110
     125
     122
     119
     135
     141
     135
     133
     126
     115
     133
     121
     140
     138
     136
     139
     136
     115
     131
     118
     116
     101
     100
     101
     111
     101
      93
      89
     111
     107
      91
     115
      93
      90
      98
      86
      88
     106
     119
      99
     109
     102
      99
      91
      85
     106
     111
     107
      96
      93
     117
      93
     104
     112
      83
     107
      91
      89
      84
      89
      89
     118
     108
      88
      92
      77
     113
     100
     110
     100
      98
     104
     102
     111
     135
     139
     138
     160
     131
     138
     107
     116
     102
     102
     115
     103
      89
     104
     113
     118
     127
     122
     122
     133
     127
     135
     127
     126
      94
      94
     119
     122
     105
     110
      85
     105
      99
     101
      85
      99
      99
     100
     103
     102
     106
     121
     105
     102
     116
      86
     110
     104
     107
     102
      94
      94
      97
     100
     102
     104
      99
      99
      96
      94
     108
     105
      93
      96
      90
     117
     111
      95
      82
     103
     111
     113
     101
     112
      99
     118
     105
      93
     100
     102
     104
     115
      91
     103
      93
     111
     102
      95
     116
     109
      94
     123
     120
      97
     111
     112
      92
      97
     120
     111
     107
     105
      91
     108
     108
      95
      96
     104
     111
      89
      99
     101
     109
     102
      94
     108
     104
     112
      99
      94
     102
      98
     100
      99
     111
      99
      95
     101
      87
     112
     103
     101
     105
      94
      90
      84
     101
     107
      63
      91
      91
      89
      79
     115
      98
      86
      73
      78
      69
      77
      94
      72
      73
      67
      76
      65
      78
      74
      71
      65
      65
      81
      55
      88
      78
      72
      74
      85
      71
      77
      78
      83
      65
      73
      73
      76
      93
      65
      71
      76
      61
      76
      53
      64
      80
      71
      77
      66
      82
      77
      63
      67
      76
      65
      74
      56
      65
      73
      79
      68
      70
      62
      65
      65
      59
      66
      78
      76
      70
      80
      67
      66
      89
      81
      63
      76
      92
      67
      61
      73
      81
      64
      63
      85
      84
      71
      69
      73
      79
      62
      56
      58
      70
      62
      62
      79
      68
      57
      59
      64
      71
      65
      61
      65
      74
      72
      80
      64
      62
      66
      81
      65
      80
      75
      86
      88
      85
      91
      79
      72
      81
      67
      77
      66
      65
      70
      62
      60
      48
      58
      64
      65
      55
      68
      61
      58
      63
      59
      52
      47
      65
      70
      70
      65
      67
      57
      75
      71
      69
      84
      73
      95
      77
      70
      76
      72
      75
      60
      68
      71
      69
      72
      63
      60
      60
      67
      53
      76
      55
      54
      57
      73
      61
      55
      56
      65
      47
      71
      60
      59
      53
      49
      64
      55
      59
      64
      71
      76
      72
      59
      85
      64
      69
      67
      56
      48
      69
      53
      74
      70
      50
      59
      57
      59
      58
      65
      56
      62
      49
      84
      58
      67
      66
      62
      69
      57
      61
      54
      70
      59
      58
      62
      51
      36
      55
      54
      55
      51
      57
      54
      62
      64
      69
      58
      61
      75
      57
      79
      70
      74
      86
      78
      78
      57
      78
      62
      54
      60
      65
      50
      60
      56
      45
      51
      55
      45
      48
      58
      63
      52
      61
      62
      55
      67
      61
      61
      48
      57
      71
      60
      59
      75
      90
      88
      92
      90
      78
      75
      69
      45
      43
      54
      66
      47
      61
      42
      52
      60
      40
      49
      59
      46
      65
      48
      62
      62
      71
      50
      44
      48
      43
      59
      52
      53
      45
      61
      63
      56
      66
      48
      54
      38
      47
      58
      66
      57
      55
      47
      44
      46
      41
      28
      31
      39
      60
      42
      47
      38
      47
      45
      54
      43
      34
      43
      45
      40
      60
      38
      47
      57
      54
      56
      46
      49
      43
      62
      51
      49
      36
      47
      61
      54
      61
      32
      52
      49
      41
      48
      50
      39
      56
      43
      40
      52
      49
      52
      47
      29
      52
      42
      62
      52
      52
      39
      38
      54
      60
      53
      55
      53
      54
      53
      66
      55
      73
      40
      55
      58
      67
      58
      59
      76
      55
      59
      57
      57
      63
      62
      47
      53
      39
      63
      47
      45
      38
      57
      47
      46
      40
      51
      43
      46
      42
      53
      34
      33
      52
      42
      39
      47
      36
      53
      45
      43
      43
      43
      37
      52
      52
      43
      48
      51
      55
      50
      43
      37
      53
      63
      33
      46
      46
      46
      42
      34
      49
      49
      53
      49
      39
      34
      57
      56
      44
      51
      49
      45
      38
      42
      48
      44
      44
      47
      51
      53
      45
      65
      39
      47
      35
      40
      40
      58
      41
      51
      46
      41
      52
      48
      37
      54
      33
      50
      51
      42
      48
      37
      46
      45
      53
      50
      61
      54
      54
      45
      54
      54
      50
      47
      51
      56
      46
      55
      60
      56
      45
      41
      53
      47
      55
      37
      44
      47
      51
      52
      50
      52
      38
      51
      42
      46
      37
      47
      33
      46
      43
      35
      51
      41
      33
      44
      45
      43
      56
      51
      47
      44
      44
      49
      50
      40
      50
      42
      52
      43
      43
      60
      47
      62
      28
      48
      53
      54
      41
      59
      37
      41
      45
      44
      44
      46
      53
      48
      37
      36
      45
      54
      41
      33
      36
      40
      50
      40
      43
      45
      48
      31
      45
      56
      49
      52
      50
      49
      46
      48
      39
      30
      39
      32
      32
      43
      49
      43
      40
      30
      44
      36
      45
      40
      45
      45
      42
      31
      43
      32
      40
      45
      40
      38
      46
      53
      44
      43
      40
      47
      46
      31
      39
      31
      29
      49
      42
      42
      49
      41
      45
      39
      48
      32
      55
      39
      36
      38
      51
      47
      53
      38
      42
      41
      38
      39
      31
      36
      48
      41
      42
      41
      36
      46
      36
      49
      31
      34
      42
      39
      44
      45
      37
      46
      45
      50
      36
      37
      39
      53
      41
      35
      39
      47
      43
      44
      44
      44
      40
      39
      34
      36
      41
      51
      39
      49
      44
      49
      36
      50
      37
      50
      46
      40
      46
      43
      41
      46
      45
      38
      46
      34
      34
      47
      40
      44
      44
      43
      43
      40
      40
      40
      38
      28
      37
      30
      51
      35
      46
      45
      34
      42
      65
      50
      60
      59
      52
      44
      63
      57
      55
      63
      59
      48
      46
      55
      45
      32
      41
      46
      30
      36
      26
      33
      36
      33
      48
      35
      39
      25
      38
      43
      39
      39
      32
      29
      45
      42
      46
      31
      52
      49
      44
      27
      33
      47
      52
      25
      44
      39
      35
      27
      38
      36
      33
      28
      35
      40
      39
      32
      40
      41
      37
      31
      38
      47
      29
      32
      49
      30
      31
      32
      44
      39
      31
      39
      36
      36
      34
      29
      35
      48
      40
      35
      41
      38
      30
      35
      42
      31
      39
      40
      35
      36
      36
      46
      41
      31
      33
      42
      34
      43
      42
      31
      41
      30
      37
      52
      36
      34
      41
      35
      39
      42
      36
      47
      35
      41
      39
      36
      42
      44
      50
      46
      45
      53
      43
      49
      39
      62
      57
      66
      82
      70
      96
      99
     135
     178
     237
     336
     451
     645
     856
    1238
    1515
    1783
    2087
    2331
    2491
    2377
    2245
    2003
    1737
    1350
    1096
     698
     471
     337
     220
     133
      75
      53
      54
      44
      59
      42
      30
      36
      43
      44
      44
      30
      33
      37
      30
      40
      26
      31
      31
      46
      26
      33
      37
      40
      23
      33
      34
      38
      28
      35
      39
      25
      39
      31
      29
      26
      30
      36
      45
      25
      32
      26
      38
      30
      41
      27
      36
      30
      31
      45
      28
      35
      28
      31
      35
      39
      29
      32
      35
      33
      34
      42
      37
      27
      36
      26
      33
      27
      43
      40
      38
      38
      27
      25
      30
      30
      36
      29
      26
      32
      40
      30
      37
      27
      35
      26
      22
      31
      30
      31
      29
      29
      28
      45
      38
      34
      37
      41
      27
      34
      29
      37
      48
      29
      25
      47
      35
      31
      27
      25
      35
      33
      34
      32
      26
      25
      33
      34
      25
      21
      35
      26
      31
      37
      29
      32
      40
      30
      38
      34
      32
      31
      30
      31
      36
      31
      35
      40
      32
      31
      33
      42
      33
      27
      26
      28
      20
      25
      27
      30
      29
      39
      35
      20
      33
      31
      41
      37
      33
      34
      21
      38
      33
      43
      26
      25
      28
      27
      27
      30
      36
      27
      29
      33
      23
      29
      39
      27
      23
      28
      32
      29
      35
      31
      31
      16
      33
      31
      31
      42
      30
      33
      25
      37
      37
      22
      38
      26
      35
      37
      29
      27
      30
      38
      33
      36
      26
      34
      32
      25
      27
      26
      23
      27
      36
      28
      30
      32
      36
      41
      32
      32
      36
      42
      29
      27
      38
      35
      35
      21
      31
      25
      28
      28
      32
      30
      37
      40
      30
      41
      40
      30
      27
      28
      34
      25
      34
      34
      34
      37
      49
      49
      54
      64
      52
      81
      99
      96
      94
      88
      86
      81
      75
      79
      71
      51
      44
      47
      34
      37
      33
      31
      25
      23
      29
      33
      24
      22
      23
      29
      37
      21
      34
      33
      35
      23
      28
      25
      27
      29
      38
      36
      26
      29
      27
      28
      28
      15
      34
      27
      30
      31
      32
      33
      28
      26
      29
      35
      33
      33
      42
      32
      24
      28
      26
      33
      27
      28
      25
      25
      26
      32
      23
      35
      26
      28
      31
      25
      25
      21
      26
      24
      27
      45
      31
      23
      28
      28
      31
      29
      33
      28
      39
      27
      28
      24
      27
      31
      30
      23
      38
      21
      21
      20
      31
      35
      24
      26
      29
      21
      36
      37
      31
      23
      30
      26
      29
      23
      31
      22
      25
      28
      23
      24
      21
      37
      28
      42
      39
      22
      14
      32
      35
      35
      23
      35
      37
      33
      39
      35
      33
      29
      31
      31
      23
      22
      35
      42
      29
      35
      29
      31
      36
      28
      22
      32
      23
      33
      35
      29
      30
      30
      26
      31
      40
      39
      31
      31
      37
      35
      22
      23
      27
      28
      38
      30
      27
      34
      28
      25
      24
      32
      45
      43
      37
      34
      61
      49
      36
      41
      41
      48
      60
      52
      42
      42
      43
      25
      41
      44
      26
      37
      33
      26
      32
      24
      24
      28
      37
      33
      32
      38
      19
      35
      29
      26
      25
      23
      33
      28
      29
      21
      24
      29
      37
      31
      25
      36
      33
      32
      32
      31
      44
      28
      22
      32
      30
      18
      38
      29
      27
      32
      30
      25
      33
      32
      31
      30
      34
      27
      33
      35
      23
      26
      35
      18
      24
      30
      26
      28
      32
      30
      29
      37
      42
      37
      32
      27
      49
      44
      47
      46
      34
      42
      36
      37
      34
      41
      33
      33
      32
      25
      39
      29
      28
      35
      28
      21
      23
      29
      27
      34
      48
      19
      27
      35
      23
      34
      21
      34
      33
      20
      28
      30
      25
      39
      35
      29
      26
      26
      36
      24
      24
      31
      25
      20
      22
      35
      26
      34
      34
      41
      25
      29
      28
      21
      35
      34
      24
      34
      23
      29
      30
      32
      30
      27
      17
      29
      28
      34
      34
      31
      29
      36
      26
      24
      32
      35
      24
      25
      26
      42
      36
      30
      26
      23
      21
      25
      24
      26
      25
      33
      25
      20
      27
      23
      24
      25
      39
      23
      29
      33
      35
      43
      41
      29
      49
      36
      34
      40
      41
      63
      48
      43
      47
      43
      42
      36
      40
      34
      32
      32
      25
      20
      30
      23
      36
      21
      30
      26
      29
      29
      26
      23
      39
      30
      26
      20
      29
      24
      22
      34
      27
      26
      30
      25
      21
      25
      26
      31
      32
      26
      38
      25
      31
      26
      33
      31
      28
      27
      26
      26
      25
      28
      30
      29
      36
      20
      23
      42
      28
      23
      23
      31
      24
      33
      31
      19
      22
      25
      30
      24
      23
      32
      23
      25
      32
      25
      23
      20
      24
      27
      24
      26
      36
      29
      28
      19
      33
      30
      17
      30
      28
      19
      32
      39
      35
      31
      23
      29
      28
      23
      28
      31
      29
      27
      41
      37
      32
      49
      51
      56
      62
      57
      68
      93
      86
      91
     101
     133
     131
     158
     209
     178
     205
     227
     193
     194
     179
     139
     127
      86
      99
      61
      52
      40
      39
      24
      32
      28
      37
      32
      26
      28
      24
      30
      22
      30
      22
      35
      23
      27
      19
      32
      25
      30
      26
      20
      26
      31
      20
      16
      23
      28
      29
      21
      28
      25
      20
      32
      34
      30
      37
      31
      28
      35
      24
      27
      26
      28
      25
      25
      26
      27
      31
      26
      26
      20
      26
      26
      26
      23
      32
      30
      28
      26
      35
      32
      30
      33
      42
      39
      36
      63
      52
      44
      66
      60
      58
      71
      75
      85
      62
      47
      56
      54
      39
      44
      45
      36
      35
      38
      29
      30
      30
      32
      19
      23
      28
      35
      38
      21
      30
      24
      27
      17
      35
      30
      21
      23
      33
      30
      27
      26
      28
      22
      29
      21
      32
      32
      29
      19
      28
      21
      24
      20
      28
      23
      21
      24
      26
      22
      30
      29
      30
      30
      29
      29
      21
      33
      18
      22
      29
      31
      27
      32
      31
      21
      30
      36
      19
      35
      28
      36
      28
      30
      33
      26
      24
      31
      37
      22
      25
      36
      26
      27
      34
      38
      28
      35
      51
      45
      59
      50
      60
      75
      59
      64
      76
      63
      36
      58
      54
      34
      50
      38
      34
      26
      23
      28
      27
      31
      24
      20
      24
      28
      32
      28
      19
      38
      34
      25
      24
      21
      26
      32
      25
      24
      18
      21
      32
      28
      26
      25
      38
      29
      28
      28
      30
      27
      22
      35
      17
      25
      36
      32
      22
      28
      30
      30
      29
      47
      28
      35
      23
      21
      32
      32
      30
      20
      27
      23
      32
      31
      28
      31
      32
      28
      28
      36
      43
      32
      36
      24
      21
      29
      23
      30
      27
      32
      22
      27
      34
      28
      26
      25
      30
      26
      24
      37
      30
      34
      31
      37
      35
      34
      33
      42
      35
      28
      21
      32
      35
      31
      28
      32
      31
      18
      27
      37
      20
      23
      34
      34
      37
      27
      17
      37
      34
      43
      36
      30
      40
      26
      39
      32
      33
      30
      27
      26
      33
      28
      23
      47
      32
      36
      30
      21
      31
      26
      26
      18
      19
      21
      22
      26
      37
      39
      32
      39
      33
      32
      45
      35
      49
      33
      60
      48
      44
      40
      40
      41
      27
      44
      29
      28
      29
      35
      17
      34
      33
      28
      25
      31
      23
      28
      23
      21
      33
      37
      15
      24
      25
      28
      29
      28
      32
      27
      30
      23
      33
      21
      27
      27
      38
      36
      36
      22
      26
      34
      28
      25
      36
      28
      27
      38
      28
      31
      24
      34
      31
      33
      26
      30
      18
      25
      28
      29
      32
      36
      26
      31
      35
      24
      26
      21
      38
      24
      28
      31
      28
      26
      29
      25
      26
      24
      23
      33
      31
      21
      26
      22
      26
      29
      39
      27
      31
      20
      41
      29
      34
      29
      24
      26
      34
      31
      26
      26
      35
      29
      26
      23
      32
      27
      26
      22
      21
      16
      22
      35
      30
      26
      29
      35
      33
      22
      27
      28
      28
      32
      28
      26
      28
      28
      26
      35
      22
      33
      27
      38
      32
      31
      26
      17
      23
      20
      25
      30
      25
      32
      32
      29
      21
      25
      24
      30
      35
      25
      32
      34
      22
      22
      35
      33
      33
      26
      33
      29
      26
      26
      29
      39
      26
      22
      34
      29
      28
      28
      28
      23
      33
      35
      23
      32
      34
      39
      27
      32
      29
      25
      28
      23
      28
      25
      27
      20
      21
      27
      26
      19
      25
      33
      26
      28
      40
      33
      28
      35
      26
      44
      29
      25
      30
      32
      38
      37
      33
      28
      28
      29
      33
      36
      24
      27
      30
      42
      23
      27
      38
      36
      22
      25
      24
      26
      29
      31
      29
      24
      21
      25
      25
      27
      28
      28
      26
      25
      40
      32
      35
      31
      30
      21
      31
      26
      35
      24
      22
      25
      31
      42
      30
      35
      19
      31
      44
      31
      34
      35
      45
      45
      29
      31
      38
      21
      48
      30
      29
      25
      40
      28
      29
      31
      33
      28
      38
      39
      31
      35
      26
      29
      26
      32
      40
      26
      33
      44
      25
      32
      30
      26
      34
      31
      32
      30
      32
      32
      18
      32
      20
      25
      30
      32
      29
      31
      45
      30
      29
      35
      25
      40
      37
      34
      31
      32
      24
      35
      29
      24
      23
      43
      35
      28
      41
      34
      26
      24
      27
      41
      30
      24
      28
      21
      30
      28
      37
      34
      31
      23
      22
      21
      27
      29
      24
      23
      41
      35
      32
      23
      30
      36
      38
      30
      32
      27
      36
      31
      28
      28
      32
      37
      23
      27
      17
      25
      15
      28
      25
      25
      27
      22
      25
      27
      26
      23
      24
      26
      31
      20
      32
      20
      23
      29
      25
      22
      23
      34
      26
      29
      25
      31
      28
      33
      25
      33
      24
      26
      34
      28
      28
      27
      31
      22
      27
      24
      23
      27
      34
      20
      32
      33
      33
      24
      32
      25
      21
      19
      16
      32
      20
      17
      28
      24
      17
      18
      18
      29
      27
      34
      17
      25
      30
      30
      20
      37
      25
      35
      17
      33
      26
      30
      38
      28
      35
      34
      44
      53
      55
      59
      69
      79
      89
      94
      95
     109
      95
      96
      94
      97
      79
      68
      67
      70
      66
      51
      32
      41
      32
      30
      23
      22
      37
      21
      26
      17
      34
      20
      25
      24
      13
      35
      13
      25
      28
      24
      27
      19
      23
      24
      29
      20
      18
      22
      25
      24
      27
      24
      25
      21
      21
      21
      18
      30
      28
      26
      34
      25
      27
      27
      27
      19
      24
      24
      21
      25
      36
      21
      28
      23
      25
      27
      27
      32
      18
      22
      17
      27
      25
      19
      28
      27
      24
      23
      19
      27
      25
      20
      33
      15
      26
      23
      30
      29
      23
      20
      28
      22
      23
      28
      22
      24
      23
      31
      24
      24
      25
      25
      25
      22
      21
      18
      19
      27
      26
      20
      18
      34
      23
      18
      24
      26
      20
      27
      27
      27
      24
      23
      23
      18
      21
      23
      20
      26
      27
      29
      18
      22
      38
      23
      30
      21
      34
      24
      27
      37
      37
      41
      31
      35
      32
      41
      28
      41
      26
      23
      31
      25
      23
      25
      29
      18
      27
      14
      26
      26
      21
      18
      23
      22
      24
      26
      24
      21
      25
      18
      24
      20
      20
      16
      24
      20
      24
      24
      27
      21
      28
      24
      11
      27
      23
      22
      27
      25
      20
      22
      19
      17
      19
      25
      24
      30
      24
      20
      19
      22
      26
      15
      17
      20
      23
      21
      31
      17
      26
      30
      18
      24
      20
      18
      17
      15
      18
      24
      20
      20
      29
      23
      21
      25
      23
      19
      30
      19
      26
      16
      25
      32
      20
      22
      26
      21
      21
      24
      24
      23
      25
      21
      18
      23
      15
      23
      24
      24
      27
      17
      15
      24
      18
      24
      26
      23
      27
      18
      32
      24
      20
      22
      20
      11
      18
      25
      21
      27
      19
      27
      14
      18
      20
      22
      23
      16
      33
      26
      25
      25
      15
      25
      24
      12
      19
      26
      28
      21
      17
      21
      21
      23
      25
      15
      29
      22
      23
      23
      16
      18
      24
      34
      20
      23
      21
      17
      25
      31
      19
      21
      20
      26
      34
      34
      32
      33
      30
      34
      43
      34
      31
      43
      46
      45
      38
      28
      35
      37
      37
      38
      30
      28
      22
      17
      34
      30
      19
      19
      22
      18
      26
      20
      28
      15
      23
      19
      18
      26
      18
      20
      18
      21
      23
      19
      20
      22
      21
      16
      25
      23
      13
      27
      20
      18
      21
      14
      24
      17
      22
      23
      28
      28
      25
      28
      19
      20
      30
      25
      17
      17
      35
      27
      19
      21
      23
      26
      21
      24
      18
      28
      18
      19
      16
      16
      23
      21
      21
      19
      15
      22
      10
      14
      21
      20
      21
      18
      25
      17
      29
      24
      10
      28
      19
      34
      22
      18
      31
      34
      21
      26
      19
      15
      29
      20
      18
      15
      11
      19
      25
      35
      27
      14
      18
      21
      17
      16
      21
      19
      19
      23
      19
      20
      15
      23
      23
      11
      16
      22
      36
      13
      14
      24
      19
      22
      21
      22
      21
      18
      22
      17
      23
      20
      30
      18
      17
      22
      32
      22
      16
       6
      17
      20
      18
      20
      24
      19
      24
      16
      20
      18
      17
      22
      16
      16
      16
      19
      31
      18
      15
      27
      12
      12
      21
      19
      18
      14
      22
      19
      15
      26
      22
      19
      11
      20
      22
      21
      15
      14
      21
      21
      20
      20
      14
      21
      14
      15
      19
      18
      14
      14
      19
      15
      15
      19
      16
      30
      23
      25
      25
      27
      22
      17
      23
      25
      20
      20
      20
      13
      20
      12
      16
      20
      21
      15
      16
      21
      25
      19
      18
      25
      25
      28
      21
      16
      22
      21
      21
      23
      19
      16
      21
      27
      25
      23
      21
      19
      21
      20
      22
      28
      22
      24
      19
      31
      26
      25
      19
      15
      21
      18
      14
      15
      22
      11
      25
      19
      27
      10
      22
      17
      25
      20
      25
      18
      20
      19
      16
      16
      19
      21
      23
      20
      25
      20
      21
      17
      21
      22
      20
      10
      18
      16
      17
      12
      20
      18
      18
      18
      19
      17
      20
      21
      16
      20
      29
      11
      15
      21
      18
      20
      16
      21
      19
       6
      19
      22
      15
      14
      19
      11
      24
      22
      17
      19
      25
      16
      17
      17
      21
      23
      24
      21
      19
      19
      22
      19
      26
      17
      27
      13
      28
      22
      18
      23
      24
      20
      13
      27
      10
      20
      22
      18
      12
      15
      20
      14
      13
      16
      12
      17
      21
      21
      22
      17
      26
      16
      18
      15
      21
      14
      24
      19
      15
      19
      21
       8
      12
      16
      21
      20
      18
      20
      16
      13
      18
      15
      20
      30
      18
      22
      15
      26
      12
      16
      18
       8
      18
      16
      19
      19
      13
      15
      14
      10
      12
      16
      16
      14
      21
      20
      21
      23
      19
      18
      14
      13
      17
      19
      19
      22
      21
      19
      19
      19
      12
      14
      15
      19
      18
      20
      18
      20
      15
      14
       8
      12
      17
      22
      20
      18
      20
      16
      14
      17
      21
      16
      10
      18
      28
      14
      14
      15
      20
      18
      14
      26
      15
      18
      17
      23
      16
      19
      12
      19
      13
      13
      25
      28
      18
      22
      28
      21
      14
      23
      17
      16
      15
      22
      14
      15
      18
      18
      26
      17
      20
      12
      15
      11
      22
      19
      27
      18
      17
      17
      14
      15
      15
      20
      21
      18
      25
      15
      21
      19
      30
      16
      22
      15
      23
      21
      21
      19
      21
      19
      16
      16
      24
      28
      25
      16
      20
      10
      18
      18
      12
      24
      22
      18
      22
      16
      19
      18
      14
      12
      19
      23
      14
      17
      10
       9
      16
      27
      27
      15
      25
      31
      19
      20
      27
      15
      19
      19
      19
      22
      21
      26
      25
      27
      32
      37
      31
      50
      43
      56
      44
      70
      74
     111
     114
     152
     161
     200
     238
     270
     278
     275
     271
     298
     277
     269
     299
     241
     262
     214
     196
     160
     139
      99
      90
      69
      34
      39
      27
      32
      32
      26
      14
      13
      19
      25
      21
      16
      24
      13
      15
      14
      18
      24
      18
      22
      13
       7
      21
      20
      19
      16
      16
      10
      14
      13
      17
      17
      16
      14
      15
      17
      28
      21
      12
      13
      14
      22
      16
      24
      22
      27
      23
      19
      17
      12
      16
      14
      31
      21
      20
      22
      21
      19
      29
      20
      20
      16
      11
      23
      15
      21
      24
      11
      13
      18
      22
      13
      21
      21
      13
      20
      27
      23
      18
      21
      20
      11
      17
      14
      18
      17
       9
      16
      20
      14
      14
      18
      16
      14
      14
      23
      17
      30
      19
      19
      13
      15
      17
      28
      15
      11
      10
      17
      16
      12
      24
      17
      15
      23
      19
      15
      24
      18
      19
      15
      21
      24
      20
      14
      20
      15
      24
      14
      17
      21
      14
      15
      20
      23
      15
      19
      22
      24
      22
      18
      19
      26
      17
      20
      20
      17
      33
      40
      25
      29
      50
      48
      35
      35
      47
      41
      47
      56
      51
      50
      37
      38
      38
      32
      26
      27
      20
      25
      22
      14
      23
      15
      15
      16
      15
      21
      20
      23
      18
      19
      24
      12
      12
      18
      20
      14
      17
      13
      12
      21
      13
      14
      23
      15
      18
      15
      15
      26
      24
      14
      14
      13
      17
      15
      18
      11
      17
      14
      21
      11
      24
      11
      23
      20
      19
      18
      16
      10
      20
      15
      13
      15
      17
      16
      21
      16
      16
      12
      17
      19
      20
      22
      20
      25
      16
      16
      18
      23
      19
       6
       8
      21
      14
      19
      17
      18
      14
      13
      14
      16
      17
      16
      13
      15
      11
      15
      17
       8
      13
      15
       8
       9
      17
      17
      25
      17
      19
      12
      19
      13
      15
      16
      18
      19
      15
      19
      18
      21
      27
      26
      26
      20
      16
      22
      29
      21
      19
      21
      17
      26
      22
      19
      20
      17
      16
      15
      14
       9
      16
      15
      14
      12
      21
      14
       8
      13
       9
      14
      12
      15
      23
      27
      17
      20
      13
      20
      10
      15
      12
      15
      10
      11
      16
      13
      12
      17
      11
      12
      14
      17
      12
      13
      12
      18
       9
      11
      18
       9
       9
      21
      10
      16
      15
      18
      11
      11
      16
      14
      15
      16
      14
      12
      17
      15
      10
      15
      12
      12
      11
      16
      19
      14
      15
      19
      14
      17
      19
      11
      19
      11
      15
      13
       9
      19
      12
      14
      17
      10
      12
      19
      20
      15
      15
      17
      17
      15
      20
      11
      16
      17
      16
      11
      10
      15
      22
      13
      22
      12
      16
      17
      15
      15
      16
      19
      22
      22
      21
      29
      28
      25
      15
      21
      22
      21
      26
      15
      25
      22
      19
      26
      19
      15
      14
      18
      14
      19
       9
      10
      17
      14
      18
      17
      13
      11
      15
      20
      10
      13
      14
       9
      13
       8
      14
      13
      19
      11
       9
      14
      15
      18
      16
      14
      14
      13
      15
      11
      12
      22
      12
      22
      17
      12
      14
      18
      16
      16
      17
      11
      22
      13
       8
       8
      13
      18
      18
      17
      17
      16
      16
      15
      13
      13
      12
       7
      13
      12
       9
      14
      13
      12
      21
      13
      18
      14
      17
      11
      21
      15
      18
      17
      13
      12
      17
      17
      10
      11
      13
      13
       9
      22
      16
      18
      13
      10
      17
      11
      21
      16
      15
      15
      17
      14
      14
      12
      13
      17
       9
      11
      13
      17
      14
      19
      15
      10
      12
      14
      16
      24
      22
      29
      21
      41
      34
      34
      41
      56
      52
      64
      73
      81
      88
      83
      80
     100
      93
     129
      98
     119
      88
      80
      90
      72
      74
      77
      70
      44
      35
      28
      27
      20
      16
      29
      15
      13
      21
       7
      14
      11
       7
      14
      14
      10
      19
      13
      13
      13
      11
      18
      14
      13
      14
      21
      10
      18
      14
       8
      15
      13
      17
      10
       9
      13
      14
      10
      15
      14
       9
      13
      24
      12
      10
      10
      10
      14
      18
      17
      12
      15
      13
      22
      12
      20
      16
      19
      24
      22
      21
      20
      16
      19
      18
      22
      10
      25
      17
      26
      12
      12
      17
      14
      12
      11
      11
      11
      17
      14
      15
       9
      11
      18
       9
      21
      17
       7
      10
      17
      12
      12
       9
       9
      13
       8
      11
      14
      19
      14
       8
      16
      17
       4
      12
       6
      20
      11
      11
       9
      16
      12
      17
      19
      13
      13
      10
      10
      10
      11
      16
      15
      12
      14
      13
      10
      19
      19
      11
      18
       6
      10
      16
      14
      13
      13
      14
      16
      14
      19
      13
      16
      18
      11
      14
       8
       8
      12
      12
      14
      15
      12
      11
      16
      19
      16
      11
       4
      10
      15
      13
      12
       9
      12
      15
       9
      22
      22
      13
      15
      19
      18
      15
      11
      14
       9
      14
      17
      18
      14
      10
      14
      18
      17
      13
      28
      16
      19
      23
      27
      19
      32
      22
      29
      27
      33
      33
      30
      28
      32
      20
      27
      28
      28
      22
      29
      18
      19
      21
      21
      17
      14
      16
      14
      12
      14
      20
      15
       8
      14
      20
      10
       9
      19
      13
      18
      10
      15
      15
      10
      10
      16
      13
      13
      10
       9
      13
      18
      17
       7
      16
      15
      13
      10
       9
      12
      13
      15
      14
      14
      24
      10
       9
      13
       9
      16
      14
      15
      14
      12
       8
      18
      13
      13
      15
      12
      12
      12
       9
      11
       8
      12
       7
      13
      11
      15
       9
      12
      15
      18
      19
      13
      19
      14
      18
      10
      12
      13
      17
      15
      21
      14
      10
      12
      15
       9
      11
      16
      20
      16
      15
      12
      22
      15
       9
      12
      12
      14
      16
       7
      20
      13
      19
      15
      15
      14
      11
      17
      13
      20
      11
      17
      11
      12
       6
      12
       8
      15
      13
      17
      10
      15
      14
       8
      10
      11
       9
       7
      14
       7
      14
      16
      11
      16
      20
      11
      14
      13
      10
      11
      12
      11
      19
      11
      14
      19
       9
      10
      10
      19
      13
      14
      19
      11
      11
      17
      17
      10
      11
      11
      21
      14
      14
      10
      10
      13
      14
      22
      11
      10
      12
       5
      11
      17
       9
      14
      10
      14
      13
       6
      12
      14
      13
      12
       9
       5
      14
      10
      17
      12
      11
      16
      20
       8
      11
      12
       6
       8
      10
      17
      13
      18
      10
       8
      14
      13
      21
      11
      10
      14
      10
      12
      16
      12
      13
      11
      17
       8
      14
      13
      12
      16
      15
      12
       8
      17
      13
      22
      15
      11
      10
      16
       7
      10
      11
      10
      18
      19
      12
       7
       9
      12
      12
      11
      20
      13
      10
       9
      14
      16
      16
      17
      16
      15
      11
      17
      14
      14
      11
      11
      19
       6
      12
      14
      12
      12
      17
      12
      13
      10
      12
      24
       9
       9
      16
      11
      11
      12
      15
      20
      11
       9
      17
      14
       9
      12
      15
      12
      13
       9
      12
      14
       6
      15
      11
      11
       8
       9
       8
      10
      14
      13
       5
      13
      16
       5
       5
      13
      10
       8
      11
       9
      15
      10
      12
       9
      14
       8
      16
      10
       9
      11
      18
      16
      10
      13
       8
      16
       7
      16
       9
      12
      14
      14
      10
       9
      16
       7
       9
      13
       4
      14
      10
      13
      15
      10
      15
      14
      10
      21
      20
      10
      12
      15
      12
      17
      10
      12
      10
      11
       9
      11
      13
      12
      17
       8
      15
      11
      13
       6
      10
      16
       6
       9
      11
      11
      12
      17
      12
      11
       9
      15
      11
      17
      11
      19
       8
      12
      13
      15
       5
      14
      11
      14
      10
      19
      18
      16
       6
      15
      13
      22
      13
       9
      18
       8
      12
      12
      10
      14
      12
      11
      15
       8
      11
      18
      17
      11
      14
      15
      14
      16
      12
      12
       9
      11
       9
      15
      18
      20
      28
      21
      10
      18
      12
      22
      20
      17
      19
      31
      30
      28
      42
      39
      45
      52
      54
      48
      64
      64
      65
      76
      66
      54
      69
      71
      63
      38
      63
      48
      62
      42
      30
      33
      31
      16
      22
      24
      20
      20
      15
      12
      14
      12
      12
      11
      19
      12
      20
      28
      15
      18
      26
      24
      23
      18
      21
      14
      22
      20
      27
      30
      26
      24
      22
      14
      22
      22
      18
      20
      14
      10
      19
      16
       6
      11
      15
      16
      18
      17
      15
      16
      13
       7
      11
       8
       7
      11
      13
      13
      14
      10
      10
      15
      13
      10
      15
      13
      15
      11
       7
      13
      16
      10
       7
      11
      15
       8
      13
      12
      14
      14
       7
      18
       6
      14
      12
       9
      13
      12
      12
      12
      13
      17
      17
      14
      15
      23
      19
      23
      37
      24
      33
      32
      20
      29
      25
      35
      32
      32
      36
      31
      28
      26
      21
      14
      25
      26
      12
      22
      19
      17
      19
      21
      23
      25
      16
      12
      22
      20
      29
      35
      29
      43
      40
      37
      40
      47
      44
      46
      41
      40
      38
      40
      38
      35
      35
      21
      31
      22
      20
      18
      27
      12
      17
      13
       5
      16
       6
      12
      14
       8
       8
      17
      13
      15
      17
      11
       7
       9
       7
      10
       7
       9
      14
      16
      18
      14
      15
      19
      10
      10
      14
       9
      10
      15
      10
      10
      11
      11
      16
      16
      11
      14
       9
       8
      11
       9
      12
       9
      10
      16
      19
      19
      11
      13
       7
       3
      11
       5
      19
       7
      11
      13
      13
      18
      14
      14
      13
      19
      13
      15
      11
      15
      20
      18
      18
      14
       7
      10
      14
      18
      15
      13
      13
      10
       5
      16
      10
      16
      11
      10
       9
       9
      16
      13
      10
      17
      14
      16
      16
      11
      12
       3
      15
      13
       6
      12
      15
      13
      19
      13
      13
      13
      18
      12
      19
      21
       5
      10
      11
       9
      10
      12
      11
      16
      17
      12
      13
      11
      16
      10
       9
       8
      10
      15
      17
      17
      14
      12
      21
      15
      14
      11
      11
      17
      17
      13
      13
      17
       9
       7
       7
      17
      12
      10
      12
      18
      13
      14
      13
      11
       7
      13
      11
      18
      15
      13
      21
      13
      14
      17
      11
       7
      16
      14
      12
      13
      10
      13
       6
      19
       7
       9
       6
      17
      13
      15
      15
      12
      15
      14
       8
      15
      16
      11
      13
      10
       5
      11
       6
      12
      22
      13
      16
      15
      14
      11
      17
       9
      16
      12
       6
      15
      11
      11
      15
      13
      14
      13
      14
      13
      19
      18
      14
       9
      14
       9
      12
      14
      13
       8
      12
      17
      17
      16
      15
      12
      18
      16
      25
      13
      15
      12
      17
       9
      18
      18
      14
      28
      15
      22
      12
      19
      10
      23
      15
      12
      10
      10
      15
      10
      14
      11
      10
      11
      10
      13
       9
       9
      12
      10
      16
       8
      16
      14
      12
       8
      17
      19
      13
      11
      10
      16
       6
      18
      14
      11
      14
      14
      11
      19
      10
      17
      13
      11
      12
      12
      18
      13
      23
      11
       9
      13
       8
      10
      13
      18
      19
      17
      12
       9
      14
      17
      16
      11
       7
      18
      19
      16
       7
      16
      14
      10
      15
       9
      16
       9
      14
      13
      16
      15
      11
      11
      14
      13
      20
       9
      12
      15
      15
      15
       5
      11
      14
      17
      17
      15
      16
      20
      16
      18
      17
      17
      20
      11
      11
       7
      17
      17
      15
      15
      10
      13
       2
       9
      12
      15
      13
      18
      15
      11
      12
      11
      10
       7
      16
      17
      14
      15
      17
       9
      14
      15
      10
       8
      13
      12
      12
      16
      12
      16
      14
       9
       8
      11
      12
      12
      16
      10
      16
      13
      16
      17
      17
      11
      12
       8
      15
      20
      10
      10
      21
      14
      14
      12
      12
      13
      14
      14
      13
      15
      11
      13
      15
      10
      17
       7
       6
      17
      10
      18
      14
      16
      12
      13
      13
      14
      16
      14
      12
      18
      14
      15
      11
      16
      11
      20
      17
      16
      14
      20
      13
      16
      19
      16
      20
      21
      15
      19
      18
      17
      21
      28
      24
      21
      27
      22
      34
      35
      44
      36
      31
      34
      36
      32
      38
      33
      38
      35
      44
      36
      27
      35
      33
      22
      24
      27
      15
      15
      20
      24
      13
      18
      10
      13
      18
      17
      17
      12
      11
      14
      18
      11
      16
      15
      13
      18
      13
       8
      15
      14
      19
      18
       8
      15
      16
      18
      10
      15
      17
      13
      10
      10
       9
      12
       7
      14
      14
      14
      14
      18
      13
      12
      14
      17
      17
      12
       7
      12
      10
      14
      16
      11
      16
      12
      16
      11
      10
      10
      16
      19
       8
      12
       6
      20
      24
      15
      10
       9
      16
      12
      15
      16
      16
      12
      14
      10
      15
      18
      13
      11
      14
      11
      12
      12
      18
      16
      12
      15
       9
      10
      10
      19
      11
      12
      14
      12
      12
      13
      15
      17
      12
      13
      17
      12
      16
      12
      12
      13
      13
      11
       8
      13
      14
      15
      14
      11
      12
      20
      11
      17
      19
      17
      17
      13
      24
      17
      10
      17
      17
      14
      13
      17
      20
      12
      17
      21
      26
      17
      24
      17
      18
      17
       9
      17
      16
      19
      16
      14
      17
      19
      14
      12
      14
      15
      19
       9
       9
      16
      10
      17
      12
      13
      14
      10
      11
       9
      10
      11
      10
      13
       8
      12
      18
      10
       8
      15
      11
      10
      15
       8
       7
      12
       9
      14
      10
       8
       9
      16
       9
       5
      11
       7
      15
      10
       5
       9
       6
       7
      10
       4
       9
      14
       8
      12
       5
      10
       9
       9
       3
       6
      13
       9
       4
       8
       6
      13
       8
       8
       7
      10
      11
       6
      14
       9
       8
      12
       8
       9
      15
       8
       7
      10
      11
      14
       8
       7
       7
      11
      10
      11
      11
      12
       6
      14
      11
      11
       6
      13
      11
       7
       7
       4
       9
       8
      17
      13
       9
       7
      11
      10
       8
      12
       2
       4
      12
      11
      11
       8
       4
       5
      11
       3
       9
       9
      11
       8
       8
       7
       7
       5
      13
      10
       9
       7
       5
      10
      12
       9
       6
      11
       8
      10
       6
      11
       5
      13
      10
       7
       6
       6
      14
       6
       8
       9
       7
      15
      14
      11
       8
      15
       9
      13
       7
       8
      10
       6
       5
       8
       7
       9
      11
      13
      11
      12
       6
       8
      13
      11
      12
      14
      13
      11
      19
      13
      12
      15
      13
      17
      18
      15
      23
      13
      10
      11
      14
      25
      13
      15
      15
      16
      11
      12
       8
      12
      19
       6
       4
       9
       5
       9
      11
       5
      11
       9
      10
       7
      10
       8
       7
       6
      10
      12
       5
       9
       7
       9
      12
       4
       4
      13
       4
       4
       8
      10
       6
       9
      13
      15
       8
      10
      13
      12
      13
       8
       7
       8
      12
      11
      12
      10
      16
      11
      11
      13
       9
       4
      11
      12
      12
      11
       8
       7
      12
      11
      12
      15
       9
      13
      11
       9
      12
      12
      11
      10
      14
      17
      12
      10
      12
       9
      14
       6
       4
       7
      10
      12
       5
      11
       7
       5
       8
       7
      11
       9
       8
       8
       6
       7
       5
       9
      11
       7
       6
       5
       6
       6
      13
       4
       8
       9
       6
       7
      12
       7
       9
       4
       8
       5
       9
       8
       6
       7
      10
       7
       5
      11
      10
       8
       5
      11
       5
      11
       5
       4
       3
       9
       6
      10
       5
      17
       5
       5
       3
       9
       8
       8
       7
       5
       7
       6
       6
       6
       8
       7
       6
       6
       6
       3
       7
       6
       7
       6
       5
       9
       3
       8
       8
       6
       8
       4
       5
       6
       6
       5
       8
       6
       7
       6
       6
       6
       9
      14
       9
       3
       6
       1
       3
       6
      16
       8
       7
       7
       8
      14
       3
      11
       5
       6
       7
       5
       9
       4
       7
       5
       5
       7
      10
       9
       7
      13
       9
       9
       3
       5
       5
       8
       6
      11
       8
       5
       9
       8
       6
       7
       7
       3
       3
       6
       7
       3
       5
       4
       5
       5
       4
       8
       4
      10
      11
       5
       7
      11
       9
       8
       6
       5
      13
       6
      10
       0
       6
       2
       5
       2
       7
       6
       5
       3
       5
       5
       7
       6
       6
       5
       2
       6
       1
       6
      11
       7
       5
       6
       4
       6
       6
       2
       6
       4
       5
       8
       3
       7
      10
       9
       7
       6
      11
       8
       4
       5
       7
       4
       3
       6
       8
       8
       4
       9
       6
       5
       3
      10
       7
       7
       4
       9
       7
       5
       6
       4
       3
       5
       8
       6
       1
       8
       4
       7
       6
       7
       7
       8
       1
       7
      10
       3
       7
       6
      11
       5
       8
       5
       5
       8
       1
       6
       8
       6
       5
       7
       6
       8
       9
       5
       2
       4
       6
       5
      10
       6
       6
       7
       8
       7
       7
       9
       6
       9
       5
      13
      42
      92
      83
      88
      74
      93
      86
      81
      86
      78
      74
     106
      71
      73
      76
      84
      64
      92
     103
      71
      74
      73
      78
      81
      80
      54
      73
      74
      75
      74
      69
      83
      73
      76
      69
      68
      75
      68
      69
      64
      88
      78
      71
      76
      75
      95
      84
      81
      69
      73
      77
      69
      77
      67
      84
      77
      65
      71
      75
      71
      89
      63
      83
      79
      95
      71
      64
      82
      72
      51
      60
      74
      80
      79
      76
      72
      66
      58
      81
      71
      76
      85
      85
      83
      59
      69
      75
      77
      74
      94
      68
      69
      69
      72
      76
      60
      77
      92
      94
      67
      75
      70
      79
      78
      72
      70
      84
      72
      53
      76
      67
      65
      60
      54
      64
      58
      69
      70
      72
      73
      72
      63
      61
      69
      76
      88
      77
      69
      73
      54
      69
      74
      62
      63
      63
      75
      69
      67
      57
      75
      71
      68
      70
      67
      66
      63
      73
      86
      81
      70
      70
      68
      84
      67
      66
      61
      58
      73
      67
      60
      60
      66
      72
      79
      83
      73
      55
      70
      65
      65
      56
      54
      66
      84
      63
      60
      64
      68
      74
      63
      62
      41
      56
      73
      29
$ROI:
0
$PRESETS:
None
0
0
$ENER_FIT:
0.000000 0.000000
$MCA_CAL:
3
0.000000E+000 0.000000E+000 0.000000E+000 
$SHAPE_CAL:
3
0.000000E+000 0.000000E+000 0.000000E+000
